-------------------------------------------------------------------------------------------------------------------------
|      CveGpo       |      NumMat       |      Calif1       |      Calif2       |      Calif3       |       Exfin       |
-------------------------------------------------------------------------------------------------------------------------
| 001               |            149200 |                55 |                90 |                85 |                 0 |
-------------------------------------------------------------------------------------------------------------------------
| 001               |            153068 |                70 |                70 |                85 |                 0 |
-------------------------------------------------------------------------------------------------------------------------
| 001               |            156793 |                80 |                80 |                70 |                 0 |
-------------------------------------------------------------------------------------------------------------------------
| 001               |            261336 |                60 |                80 |                90 |                 0 |
-------------------------------------------------------------------------------------------------------------------------
| 002               |            149200 |                80 |                60 |                95 |                 0 |
-------------------------------------------------------------------------------------------------------------------------
| 002               |            153068 |                90 |               100 |                85 |                 0 |
-------------------------------------------------------------------------------------------------------------------------
| 002               |            261336 |                80 |                90 |                95 |                 0 |
-------------------------------------------------------------------------------------------------------------------------
| 003               |            149200 |                30 |                45 |               100 |                 0 |
-------------------------------------------------------------------------------------------------------------------------
| 003               |            153068 |               100 |                90 |                70 |                 0 |
-------------------------------------------------------------------------------------------------------------------------
| 003               |            156793 |                50 |                60 |                55 |                 0 |
-------------------------------------------------------------------------------------------------------------------------
| 003               |            261336 |                40 |                50 |                80 |                 0 |
-------------------------------------------------------------------------------------------------------------------------
| 004               |            152128 |                65 |                85 |               100 |                 0 |
-------------------------------------------------------------------------------------------------------------------------
| 005               |            152128 |                90 |                90 |                95 |                 0 |
-------------------------------------------------------------------------------------------------------------------------
| 006               |            152128 |                45 |                55 |                70 |                 0 |
-------------------------------------------------------------------------------------------------------------------------
| 006               |            432575 |                40 |                50 |               100 |                 0 |
-------------------------------------------------------------------------------------------------------------------------
| 007               |            154300 |                90 |                90 |                55 |                 0 |
-------------------------------------------------------------------------------------------------------------------------
| 007               |            432575 |                40 |                60 |               100 |                 0 |
-------------------------------------------------------------------------------------------------------------------------
| 008               |            154300 |                40 |                60 |                55 |                 0 |
-------------------------------------------------------------------------------------------------------------------------
| 008               |            432575 |                80 |                75 |                75 |                 0 |
-------------------------------------------------------------------------------------------------------------------------
| 009               |            154300 |                45 |                55 |               100 |                 0 |
-------------------------------------------------------------------------------------------------------------------------
| 009               |            155922 |                50 |               100 |                50 |                 0 |
-------------------------------------------------------------------------------------------------------------------------
| 010               |            155842 |                80 |                55 |                60 |                 0 |
-------------------------------------------------------------------------------------------------------------------------
| 011               |            155842 |                30 |                40 |                50 |                 0 |
-------------------------------------------------------------------------------------------------------------------------
| 011               |            155922 |               100 |               100 |                80 |                 0 |
-------------------------------------------------------------------------------------------------------------------------
| 012               |            156793 |                50 |                70 |                70 |                 0 |
-------------------------------------------------------------------------------------------------------------------------
| 012               |            199028 |                60 |                50 |                45 |                 0 |
-------------------------------------------------------------------------------------------------------------------------
| 012               |            535175 |                70 |                70 |                90 |                 0 |
-------------------------------------------------------------------------------------------------------------------------
